 Enter magnetic flux
 SUCCESS
 The eigenvalues are:
  -1.9990131207314628     
  -1.9990131207314619     
  -1.9911239292061607     
  -1.9911239292061580     
  -1.9753766811902778     
  -1.9753766811902764     
  -1.9518335238774958     
  -1.9518335238774955     
  -1.9205873713538899     
  -1.9205873713538866     
  -1.8817615379084516     
  -1.8817615379084514     
  -1.8355092513679641     
  -1.8355092513679623     
  -1.7820130483767371     
  -1.7820130483767365     
  -1.7214840540078871     
  -1.7214840540078844     
  -1.6541611485491241     
  -1.6541611485491223     
  -1.5803100247513804     
  -1.5803100247513804     
  -1.5002221392609216     
  -1.5002221392609187     
  -1.4142135623730958     
  -1.4142135623730943     
  -1.3226237306473039     
  -1.3226237306473037     
  -1.2258141073059530     
  -1.2258141073059530     
  -1.1241667557042616     
  -1.1241667557042587     
  -1.0180828315007426     
  -1.0180828315007422     
 -0.90798099947909350     
 -0.90798099947909261     
 -0.79429578126956102     
 -0.79429578126956057     
 -0.67747584049058340     
 -0.67747584049058196     
 -0.55798221207845877     
 -0.55798221207845855     
 -0.43628648279308702     
 -0.43628648279308518     
 -0.31286893008046102     
 -0.31286893008046079     
 -0.18821662663702915     
 -0.18821662663702732     
  -6.2821518156255959E-002
  -6.2821518156254932E-002
   6.2821518156256459E-002
   6.2821518156259748E-002
  0.18821662663702907     
  0.18821662663703131     
  0.31286893008046068     
  0.31286893008046268     
  0.43628648279308457     
  0.43628648279308624     
  0.55798221207845888     
  0.55798221207846077     
  0.67747584049058229     
  0.67747584049058351     
  0.79429578126956091     
  0.79429578126956124     
  0.90798099947909305     
  0.90798099947909450     
   1.0180828315007437     
   1.0180828315007442     
   1.1241667557042609     
   1.1241667557042623     
   1.2258141073059530     
   1.2258141073059534     
   1.3226237306473039     
   1.3226237306473054     
   1.4142135623730940     
   1.4142135623730951     
   1.5002221392609185     
   1.5002221392609194     
   1.5803100247513810     
   1.5803100247513813     
   1.6541611485491241     
   1.6541611485491241     
   1.7214840540078873     
   1.7214840540078875     
   1.7820130483767356     
   1.7820130483767358     
   1.8355092513679612     
   1.8355092513679616     
   1.8817615379084507     
   1.8817615379084525     
   1.9205873713538859     
   1.9205873713538859     
   1.9518335238774940     
   1.9518335238774940     
   1.9753766811902751     
   1.9753766811902755     
   1.9911239292061591     
   1.9911239292061598     
   1.9990131207314610     
   1.9990131207314632     
 Enter temperature
 Enter target density
 The chemical potential is:
   2.2204460492503131E-016
 Total potential energy:
   1.7511818817633185E-003
